ENTRADAS:
3 3 20
642 761 564
842 864 893
611 658 166

1 2 38 297 165
	3 1 2 143 100     # SI
	3 2 37 211 167    # SI
1 2 22 121 79     # NO
2 1 26 84 69	  # NO
	3 2 41 109 79	  # NO
2 1 22 151 93     # SI
	3 2 48 159 106    # SI
2 2 30 144 93     # SI
1 1 50 164 109    # SI
	3 3 33 133 85     # SI
	3 3 45 117 78     # NO
1 3 20 141 98	  # SI
	3 1 0 107 79	  # NO -------------------> Aqui había un error
1 1 8 95 72	  # NO
2 3 31 171 107	  # SI
2 3 7 119 79      # NO
1 1 30 108 74     # NO
1 2 25 148 100	  # SI
	3 3 18 120 80     # NO

SALIDAS:
1
3 544
2 698
20.00 44.33 63.00
19.00
2
1 820
3 862
22.00 27.67 31.00
16.60
3
3 133
1 609
2.00 40.00 85.00
15.00
3 2
1 50
