--------------->PRUEBA 1<----------------
DATOS DE ENTRADA:
18
1.0 0.0 1.0 1.6
1.0 0.0 2.0 3.5
1.0 0.0 3.0 1.3
2.0 0.0 1.0 0.3
2.0 0.0 2.0 4.4
2.0 0.0 3.0 2.0
3.0 0.0 1.0 4.2
3.0 0.0 2.0 3.9
3.0 0.0 3.0 3.2
4.0 1.0 1.0 4.3
4.0 1.0 2.0 2.7
4.0 1.0 3.0 3.9
5.0 1.0 1.0 1.8
5.0 1.0 2.0 1.8
5.0 1.0 3.0 0.2
6.0 1.0 1.0 1.6
6.0 1.0 2.0 0.4
6.0 1.0 3.0 2.4
----------------
SALIDA ESPERADA:
0.44
7
geografia
maria
////////////////////////
----------------->PRUEBA 2<------------
DATOS DE ENTRADA:
18
1.0 0.0 1.0 4.9
2.0 0.0 2.0 4.1
3.0 0.0 3.0 2.9
4.0 1.0 1.0 4.0
5.0 1.0 2.0 4.1
6.0 1.0 3.0 3.90
1.0 0.0 3.0 2.5
3.0 0.0 2.0 5.0
5.0 1.0 1.0 4.7
2.0 0.0 3.0 1.3
4.0 1.0 2.0 3.9
6.0 1.0 1.0 2.8
6.0 1.0 2.0 5.0
1.0 0.0 2.0 5.0
5.0 1.0 3.0 4.0
2.0 0.0 1.0 4.89
4.0 1.0 3.0 4.20
3.0 0.0 1.0 3.5
------------------------
SALIDA ESPERADA:
0,89 // 0,88888889
2
informatica
armando